02 10 15 17 24 26 28 37 44 68 
09 12 29 39 41 50 63 64 72 74 
14 15 39 43 44 45 46 58 61 67 
03 11 12 14 32 37 51 69 71 73 
07 14 21 24 43 54 61 62 69 76 
02 16 17 19 38 39 40 41 70 77 
06 07 08 11 15 21 26 28 37 49 
03 18 39 44 61 68 70 71 72 77 
02 11 19 23 27 34 44 58 62 67 
05 06 14 17 39 42 48 49 56 64 
01 11 15 32 49 62 63 64 65 76 
19 34 37 45 48 53 58 63 67 68 
02 04 05 14 30 33 52 59 63 65 
15 20 23 32 34 42 51 64 74 76 
22 31 37 44 45 53 56 58 62 66 
11 29 30 32 40 51 54 55 57 76 
02 06 08 19 32 45 50 53 72 77 
13 17 21 42 52 58 62 69 71 80 
11 20 26 28 31 45 58 66 73 74 
04 22 25 38 43 47 54 55 56 76 
02 07 09 20 27 30 38 58 70 80 
15 19 22 40 49 50 53 64 74 76 
09 19 20 31 38 39 52 67 79 80 
13 16 21 29 31 46 61 64 69 79 
15 27 28 30 40 42 55 57 58 60 
19 38 39 45 49 56 74 75 78 79 
05 08 09 20 24 32 46 48 62 77 
14 20 21 27 32 37 45 48 71 76 
06 07 16 24 30 31 42 58 69 78 
20 21 43 52 55 60 61 64 68 76 
06 08 10 19 21 22 41 50 59 73 
01 25 31 37 52 53 56 68 71 79 
02 03 35 38 40 42 51 56 70 80 
13 15 17 18 31 41 47 63 64 68 
03 10 22 23 24 48 49 55 62 73 
02 07 13 20 29 34 37 38 43 68 
02 06 09 19 36 62 67 71 73 74 
03 05 13 20 25 28 37 42 54 74 
01 23 24 38 41 45 48 60 67 72 
04 18 28 36 37 47 56 62 66 71 
02 14 32 41 42 51 53 56 57 70 
07 08 20 42 49 51 64 66 72 79 
04 09 17 18 23 38 39 43 58 61 
05 19 27 28 45 52 53 63 72 73 
01 10 23 24 32 45 50 51 55 74 
04 19 23 27 31 58 68 71 74 76 
02 10 16 45 52 57 59 62 63 72 
06 09 31 42 44 46 54 58 67 71 
29 43 63 72 73 74 75 77 79 80 
07 08 22 25 26 34 46 58 64 65 
04 14 15 28 36 39 53 60 64 80 
06 11 12 20 23 35 45 46 50 57 
07 21 22 27 47 55 56 59 64 77 
04 12 14 35 36 37 39 52 70 79 
03 06 18 23 24 30 37 40 63 75 
07 10 20 27 38 61 70 71 72 73 
10 16 31 39 40 43 54 57 63 67 
08 13 14 15 34 36 44 46 64 72 
17 23 33 37 47 49 53 57 61 65 
08 15 28 29 34 45 52 60 62 76 
13 14 21 25 29 38 47 49 53 59 
02 04 15 18 28 32 40 44 73 79 
05 15 20 42 49 55 57 58 69 78 
20 29 32 39 48 54 55 66 72 76 
07 12 14 17 23 29 53 58 67 69 
05 06 09 13 18 25 48 62 70 76 
08 16 24 26 36 37 39 40 59 60 
01 18 26 43 45 47 52 54 59 76 
10 21 31 34 41 55 57 61 77 80 
09 20 22 24 27 38 41 56 61 63 
06 11 23 28 31 44 52 53 57 77 
01 08 18 21 26 43 49 54 55 70 
07 25 27 32 38 46 47 68 76 79 
12 21 23 29 44 48 53 56 68 72 
11 14 20 32 36 50 62 64 75 76 
02 07 12 16 22 31 45 52 68 72 
01 15 49 55 57 61 69 73 76 80 
04 08 16 26 31 41 46 47 58 78 
02 03 19 21 34 37 54 59 69 71 
23 33 36 44 61 62 63 70 72 76 
01 07 08 12 22 24 46 69 78 80 
14 21 30 44 51 52 54 58 60 72 
20 22 31 39 47 49 56 60 62 70 
01 08 23 29 30 33 40 50 55 67 
04 21 23 41 45 48 55 56 58 72 
01 22 25 32 41 47 50 60 62 66 
05 07 13 36 40 57 62 74 78 79 
06 22 25 28 32 41 42 46 67 80 
08 09 15 18 27 33 38 50 64 78 
13 14 19 25 28 33 37 54 58 65 
12 21 23 33 40 52 56 67 73 74 
04 06 19 20 26 42 53 55 64 76 
27 29 30 32 33 40 44 55 56 75 
02 10 22 47 48 54 59 63 68 74 
01 11 12 14 26 33 50 68 76 80 
03 11 28 38 39 43 48 51 52 78 
01 23 28 35 44 46 63 66 70 74 
08 10 15 17 18 21 26 32 65 79 
02 28 50 51 58 60 63 64 69 77 
04 11 15 18 37 44 48 68 72 78 
04 16 17 20 26 28 30 35 46 77 
10 13 14 16 31 43 55 59 79 80 
09 14 25 29 42 48 50 62 66 71 
16 26 28 34 38 55 66 67 68 72 
02 09 23 24 31 40 53 54 61 77 
04 14 20 28 32 44 58 64 67 75 
04 09 21 35 36 42 49 67 78 79 
03 05 06 10 38 41 52 53 57 74 
11 12 18 33 39 42 58 59 61 76 
01 09 31 33 45 51 59 64 78 80 
15 17 30 31 39 40 49 55 64 65 
01 03 07 12 13 44 52 54 62 77 
02 18 30 31 35 48 50 51 68 72 
06 08 11 24 33 53 60 68 77 78 
03 04 05 06 19 49 52 54 63 80 
07 18 33 34 39 44 47 58 71 74 
12 28 41 44 52 64 66 70 76 79 
02 04 05 15 33 34 53 54 56 75 
06 13 30 50 57 58 60 71 75 79 
25 28 31 33 36 51 58 64 65 79 
01 06 11 13 20 32 40 42 64 78 
02 04 16 21 25 36 44 51 62 76 
04 05 06 07 14 31 45 49 64 70 
12 14 28 32 36 51 65 68 73 80 
06 17 22 30 43 56 57 63 68 70 
02 04 16 17 23 32 36 37 78 80 
10 23 29 42 48 57 70 72 74 77 
05 22 24 35 40 43 45 57 63 65 
11 20 30 46 55 58 59 62 68 77 
13 14 23 39 40 41 44 67 73 75 
04 05 07 09 15 27 28 51 74 78 
01 03 06 14 20 39 43 62 69 75 
13 15 20 38 52 54 56 61 74 77 
13 14 22 33 35 37 47 52 71 75 
09 14 29 35 40 46 56 58 63 72 
09 12 32 41 49 55 60 61 65 79 
01 15 19 22 24 37 58 61 64 74 
05 08 11 17 34 38 43 49 51 74 
01 04 06 09 12 16 25 31 58 65 
18 21 24 34 40 50 59 62 64 72 
02 04 14 30 36 55 60 72 77 78 
17 25 26 39 42 48 59 73 74 75 
02 08 11 16 37 40 47 52 56 72 
09 20 27 36 51 52 60 61 63 71 
08 10 13 17 19 24 34 49 72 75 
14 22 23 32 33 35 45 52 59 69 
01 25 26 56 59 62 66 68 70 80 
06 20 29 30 34 39 55 65 72 74 
04 07 15 31 42 62 63 68 73 75 
02 16 20 26 27 30 37 51 60 66 
02 10 19 32 35 39 62 63 65 79 
12 18 20 21 43 48 49 56 60 65 
01 02 16 22 39 40 42 54 58 79 
01 08 10 14 17 44 49 59 62 70 
02 30 32 41 42 48 66 69 78 79 
04 23 30 31 42 52 56 58 59 80 
10 13 22 28 45 46 53 67 76 79 
12 19 25 26 31 32 43 57 63 80 
17 33 39 42 46 47 53 65 72 75 
08 10 23 56 59 63 73 76 79 80 
05 08 10 27 35 41 46 57 64 68 
03 18 19 20 21 25 26 30 55 69 
08 13 14 18 33 43 48 55 68 78 
07 22 34 35 41 48 63 67 68 71 
04 15 40 42 50 55 69 76 77 79 
03 07 11 15 23 39 40 48 66 70 
10 16 27 41 53 56 65 69 71 80 
02 08 09 29 34 45 59 60 61 62 
23 26 31 40 41 44 51 54 62 73 
11 15 16 35 40 49 54 68 70 80 
05 14 18 25 36 42 43 48 56 62 
04 11 12 36 53 66 68 71 75 78 
09 21 38 41 49 54 57 58 65 67 
01 03 04 13 36 60 61 62 69 80 
09 25 29 45 49 51 59 67 75 76 
02 05 06 17 28 31 33 51 61 62 
01 07 24 26 42 45 54 74 78 80 
17 22 27 30 54 55 57 62 76 78 
05 09 17 19 22 36 39 48 52 68 
42 46 47 52 56 65 71 74 77 80 
09 14 21 25 46 58 64 65 69 70 
25 32 38 39 41 50 67 70 74 76 
03 09 18 20 22 35 47 66 71 75 
06 29 40 45 52 61 63 68 69 72 
25 28 49 50 62 66 67 68 74 76 
04 14 19 31 36 38 41 48 70 80 
12 13 15 20 34 39 42 47 70 77 
06 09 10 12 16 30 32 38 40 48 
27 29 36 42 44 58 66 68 73 76 
04 08 21 24 39 41 46 48 52 67 
07 13 22 29 34 35 45 61 65 73 
12 24 31 40 41 43 48 56 71 75 
08 14 18 19 31 32 37 58 59 70 
01 03 09 12 19 24 60 67 71 73 
06 07 08 14 22 27 30 54 76 80 
15 28 35 45 47 56 59 61 67 75 
01 10 12 25 42 44 46 52 55 79 
06 22 50 56 57 61 63 67 68 80 
02 06 08 12 23 28 42 43 45 71 
09 31 35 49 55 58 61 68 72 78 
02 04 10 18 22 35 36 40 45 74 
09 12 21 22 30 49 53 56 78 79 
06 12 28 34 37 40 61 62 68 73 
20 25 28 31 33 39 41 47 50 69 
13 19 26 30 41 46 59 61 63 67 
09 16 18 21 24 28 49 58 65 79 
06 27 28 36 44 45 50 55 60 69 
01 20 22 25 26 34 43 58 60 62 
06 12 16 19 20 41 49 70 72 77 
03 07 11 18 24 25 30 44 57 67 
06 21 30 34 36 39 41 59 62 80 
07 15 32 33 48 55 68 72 75 78 
03 09 18 25 38 44 54 55 59 74 
06 16 17 34 39 42 51 66 68 70 
03 09 21 23 24 26 45 56 77 79 
17 18 22 24 26 32 34 36 62 71 
01 13 14 18 19 21 27 56 78 79 
05 15 28 41 43 46 59 61 77 80 
04 08 09 30 43 44 57 62 68 70 
02 05 17 25 33 39 61 62 75 78 
04 12 14 17 20 30 61 63 77 80 
15 19 25 33 36 41 49 59 67 77 
12 20 31 34 39 41 44 47 61 72 
05 14 17 27 28 29 36 42 64 76 
01 03 06 16 19 29 31 56 57 76 
09 18 23 29 45 54 66 70 77 79 
11 20 25 26 27 40 54 56 69 75 
12 14 45 49 57 64 66 67 72 75 
03 19 20 32 33 46 51 54 59 71 
04 15 16 25 28 43 49 53 72 75 
01 07 16 25 30 31 47 58 59 68 
02 23 32 49 52 54 58 64 76 78 
02 08 16 29 35 36 38 64 71 72 
04 20 41 52 55 58 66 67 69 78 
06 07 12 15 31 45 58 59 69 71 
03 14 17 24 26 33 42 47 62 74 
07 18 19 25 40 46 57 68 74 78 
05 13 24 34 52 55 56 61 71 79 
06 31 34 39 47 49 59 63 69 80 
09 14 21 24 27 32 45 61 74 79 
05 13 19 23 26 31 36 54 77 79 
04 12 14 16 27 43 55 69 72 78 
19 39 40 43 45 54 61 64 70 77 
03 06 08 16 27 50 52 56 62 67 
04 07 10 23 25 39 57 61 72 78 
15 16 27 36 41 47 48 63 66 67 
08 22 23 31 35 40 42 43 44 68 
01 06 25 28 37 41 46 50 61 66 
08 10 15 36 54 62 67 68 69 79 
10 17 21 34 45 55 56 69 76 80 
05 08 11 34 42 55 56 60 73 79 
03 14 22 26 48 58 66 77 78 80 
02 08 16 20 27 28 29 35 50 62 
09 11 21 25 30 33 45 60 69 77 
04 09 28 58 59 62 66 70 75 76 
07 12 19 36 54 59 64 68 79 80 
18 22 34 36 49 53 70 74 77 80 
02 03 11 20 30 36 39 41 64 75 
06 13 22 44 46 50 51 55 66 73 
03 05 07 09 39 42 45 48 58 77 
03 06 09 14 22 49 50 54 68 80 
10 23 29 34 57 59 66 67 73 78 
14 20 22 25 42 43 49 53 72 79 
26 33 37 38 44 52 60 68 71 80 
02 03 06 20 24 30 35 45 67 73 
16 21 27 43 52 56 61 64 69 72 
18 22 28 29 47 49 62 66 71 79 
13 24 41 46 63 64 67 74 75 76 
01 05 06 08 09 19 33 39 53 58 
01 02 17 26 30 31 38 41 50 66 
06 23 24 25 28 36 52 53 64 71 
09 10 20 24 38 46 50 66 79 80 
10 17 32 33 43 50 53 55 58 65 
02 05 08 35 38 49 56 70 73 79 
04 06 18 26 29 41 46 57 66 77 
11 20 24 26 38 39 50 56 70 78 
08 10 21 23 30 32 41 63 65 71 
07 13 19 25 35 40 43 50 52 64 
20 24 37 55 56 60 65 69 74 78 
04 08 17 21 34 39 46 60 63 76 
01 02 05 23 34 35 38 40 71 77 
14 18 24 25 30 31 50 56 66 75 
09 11 15 23 29 38 45 64 65 77 
12 15 19 32 41 42 46 50 51 53 
16 30 34 36 54 61 64 71 74 75 
05 08 09 13 20 33 45 46 65 76 
04 16 40 46 51 55 62 65 71 74 
15 18 20 24 26 30 39 47 66 72 
01 05 21 27 37 47 48 64 73 76 
09 39 42 43 51 58 60 66 70 79 
06 24 28 32 33 35 37 46 49 71 
01 02 09 10 28 30 44 54 60 68 
31 33 41 43 59 64 67 75 78 80 
02 10 13 15 20 36 41 70 77 78 
02 28 37 39 55 61 64 66 67 80 
08 38 39 41 45 46 47 49 62 77 
14 15 19 28 34 47 49 65 75 76 
04 09 20 24 34 35 39 48 54 72 
05 19 26 28 31 36 38 60 64 70 
10 15 24 34 42 54 57 63 69 71 
05 34 38 39 45 47 53 54 60 72 
12 18 46 50 51 57 66 69 74 79 
06 15 25 37 38 54 56 59 66 77 
03 08 22 23 41 54 60 68 71 76 
13 16 19 29 31 36 38 47 72 80 
04 07 13 14 17 38 56 57 59 67 
04 05 09 28 44 49 68 74 77 80 
07 08 10 17 33 34 38 55 63 79 
09 19 28 31 41 50 61 74 75 76 
17 35 36 38 40 48 59 63 68 73 
11 19 23 26 45 57 58 62 78 80 
02 15 36 38 43 46 74 75 76 79 
11 26 29 44 47 51 59 60 67 77 
01 03 30 39 43 48 52 53 54 56 
09 20 24 29 31 59 62 67 73 76 
17 18 41 45 52 53 69 70 77 78 
19 25 31 38 39 67 71 74 77 80 
04 13 21 35 36 48 52 58 62 64 
10 25 30 31 37 43 55 56 74 78 
06 08 17 18 21 36 40 45 59 68 
08 16 35 44 46 47 48 52 62 66 
10 16 18 24 27 35 38 43 61 72 
03 04 34 42 57 61 63 66 79 80 
07 12 21 23 25 29 44 47 50 51 
17 25 37 39 41 43 45 61 71 80 
04 06 07 16 29 55 56 57 58 77 
03 17 23 30 33 44 60 67 70 78 
03 18 19 22 29 51 64 76 79 80 
05 18 23 33 39 59 60 65 66 78 
06 24 29 35 36 42 43 46 53 70 
10 14 23 30 31 36 41 55 57 58 
04 26 39 41 47 49 54 60 65 67 
15 16 34 36 37 38 42 50 66 67 
10 19 21 26 39 48 56 64 68 78 
19 24 26 50 53 56 57 67 79 80 
01 04 07 36 42 50 54 55 64 71 
03 25 34 40 52 57 65 67 68 79 
06 08 10 21 35 44 50 57 76 78 
01 14 22 28 33 42 43 53 73 79 
02 07 11 12 22 49 51 54 57 61 
26 29 37 40 55 59 64 72 78 80 
03 28 35 36 40 41 47 55 73 77 
03 17 22 23 25 26 64 65 66 80 
01 15 16 27 47 49 61 67 77 79 
02 10 15 17 41 43 45 46 48 70 
07 11 19 28 34 51 59 65 76 77 
20 29 30 32 36 38 50 58 66 80 
17 25 28 37 41 46 48 50 55 62 
02 04 34 39 49 61 67 74 76 80 
05 07 16 22 26 38 45 53 69 76 
18 26 35 37 41 44 52 53 60 66 
11 27 36 48 57 61 63 64 72 80 
07 14 15 26 47 52 68 70 73 74 
02 05 20 31 32 50 53 69 72 80 
16 18 21 34 39 55 62 63 71 73 
04 22 23 35 50 53 56 57 77 80 
06 11 12 29 56 60 64 69 73 78 
01 13 20 22 28 35 49 50 71 79 
04 14 21 24 37 46 53 54 66 79 
01 17 19 24 30 35 40 48 51 64 
10 17 37 42 48 52 53 56 76 78 
06 08 14 43 46 51 61 68 78 79 
02 10 18 31 50 54 63 71 75 80 
14 22 26 47 52 59 73 74 75 76 
01 08 12 17 20 35 56 57 64 74 
03 10 23 28 43 46 47 48 58 80 
11 12 33 34 61 62 65 74 77 78 
04 22 28 31 39 40 45 56 62 75 
17 22 29 36 42 51 57 62 64 69 
06 07 14 16 35 50 52 60 63 73 
03 05 09 16 24 25 37 39 59 70 
04 10 17 25 29 31 36 65 67 73 
02 11 13 19 38 44 54 60 61 64 
32 37 43 50 57 66 69 70 71 79 
01 17 19 21 31 38 41 70 75 77 
07 23 26 27 29 32 53 66 78 80 
03 25 41 49 51 53 57 62 64 71 
07 09 31 32 33 36 49 59 65 79 
06 20 21 27 28 33 42 48 67 73 
16 36 38 49 58 62 68 72 74 78 
01 16 17 20 22 35 43 55 57 61 
14 23 36 38 40 42 59 62 70 73 
25 27 28 31 32 45 50 73 74 80 
01 04 11 14 42 45 49 64 68 69 
09 34 39 44 49 61 67 76 77 78 
02 34 35 37 38 51 53 58 73 80 
03 04 10 20 25 31 47 61 65 77 
05 11 24 25 26 51 53 57 63 72 
03 04 08 17 20 54 65 70 73 79 
02 21 23 47 48 55 64 67 70 78 
04 19 24 35 54 57 58 71 75 79 
11 18 21 25 28 29 48 49 65 75 
03 21 22 27 34 54 55 67 76 77 
03 08 30 33 49 50 56 57 62 80 
01 11 13 14 26 42 65 69 70 75 
04 15 16 25 30 31 39 43 64 68 
10 11 27 29 33 38 59 64 67 72 
05 06 09 19 26 35 36 44 52 61 
06 13 28 32 35 43 47 50 70 75 
06 18 33 34 46 50 53 73 78 80 
16 19 29 30 47 51 65 70 72 80 
09 25 27 34 35 40 41 70 76 79 
10 12 19 20 40 49 64 69 77 78 
01 03 18 21 27 28 36 43 70 79 
09 14 17 22 28 33 39 44 62 70 
04 10 11 19 24 42 58 59 60 64 
18 20 22 24 36 41 47 52 54 57 
10 11 14 16 34 37 39 60 62 77 
13 15 18 40 50 52 57 63 79 80 
08 16 28 45 54 56 62 65 67 78 
02 05 27 29 37 39 52 59 61 63 
02 06 08 21 25 32 34 35 44 54 
39 42 47 58 61 64 66 67 72 80 
07 33 36 38 45 60 64 67 75 77 
08 12 13 15 23 29 46 52 68 78 
02 05 11 18 44 60 63 73 75 80 
01 05 08 36 39 43 47 48 70 74 
13 23 25 27 28 30 38 56 64 79 
10 22 37 41 47 53 55 68 71 73 
21 24 25 30 33 38 43 51 67 76 
08 13 19 23 37 45 61 64 65 79 
12 13 22 33 47 48 49 52 57 64 
14 15 20 29 50 59 62 70 76 77 
14 18 19 27 42 43 49 52 77 78 
01 03 06 17 19 20 59 62 65 76 
02 09 28 33 40 45 46 57 62 72 
03 04 13 17 24 40 49 58 59 67 
14 29 39 52 54 55 61 67 68 79 
16 20 31 33 54 56 58 64 65 70 
11 12 22 30 43 45 49 59 67 71 
06 17 18 19 34 35 41 42 44 48 
17 20 28 43 54 61 65 72 79 80 
08 12 15 16 21 25 33 46 68 78 
14 19 20 27 45 50 53 54 76 77 
10 16 24 29 43 52 65 67 72 79 
13 20 26 39 44 50 55 58 68 69 
03 24 36 37 42 46 49 63 67 76 
05 11 17 20 27 36 66 70 72 73 
01 06 08 19 23 30 34 42 65 77 
13 16 22 33 45 49 59 71 72 79 
10 12 19 23 26 32 36 56 66 73 
04 07 38 41 46 47 58 64 65 78 
08 29 49 56 64 68 71 76 77 79 
09 28 39 48 49 50 53 74 77 80 
06 07 21 23 25 37 58 65 68 76 
03 22 36 38 52 69 70 71 73 79 
12 24 27 30 44 62 68 72 77 80 
09 12 34 54 61 64 67 74 75 79 
06 08 18 19 27 33 52 53 72 80 
12 13 14 33 37 39 43 69 75 78 
16 17 20 25 57 61 63 64 65 80 
10 11 20 25 39 41 46 67 69 70 
22 38 48 49 55 59 63 65 76 78 
04 19 23 26 29 41 50 58 67 70 
07 10 20 31 37 45 47 51 53 57 
01 08 11 27 33 47 49 63 69 77 
04 09 17 19 23 30 38 40 52 56 
22 27 31 43 48 49 54 76 77 78 
05 07 09 35 36 39 52 54 67 72 
01 06 15 17 26 42 66 67 74 79 
01 05 07 14 35 40 51 61 64 65 
09 28 38 47 54 59 60 63 70 79 
04 07 10 27 31 34 50 53 64 75 
05 39 41 46 57 61 62 65 70 77 
09 13 17 25 29 34 36 58 69 73 
06 08 22 27 44 50 61 65 66 75 
01 05 13 14 31 52 55 56 74 79 
06 29 33 35 48 62 63 64 77 80 
10 15 27 42 47 50 56 57 58 78 
07 13 18 22 25 27 28 54 66 76 
05 09 13 23 30 41 48 50 60 77 
04 13 14 22 28 39 40 46 49 54 
07 08 15 17 43 44 45 57 63 77 
11 12 18 23 30 33 59 64 66 79 
03 04 14 21 29 36 50 73 75 77 
07 10 16 23 30 45 47 65 68 73 
03 16 41 44 46 48 50 70 73 77 
19 28 29 31 54 56 62 72 74 80 
01 05 06 14 26 45 49 57 63 69 
04 09 27 30 33 43 46 52 58 66 
02 16 17 25 46 51 61 65 75 79 
03 20 23 32 33 44 45 53 64 77 
09 21 26 43 51 54 61 66 77 79 
23 34 40 42 43 44 54 59 72 80 
05 07 12 14 16 47 57 66 71 80 
09 11 16 19 25 40 42 50 73 74 
01 04 14 15 25 31 48 54 66 69 
06 17 29 39 50 55 64 77 78 80 
13 16 19 25 51 57 58 60 73 74 
07 15 17 21 30 35 40 46 49 66 
04 22 28 29 44 58 59 64 72 78 
26 35 37 39 53 56 62 70 72 76 
01 06 14 21 23 40 57 70 73 77 
12 19 22 24 25 26 30 34 51 52 
04 05 13 20 32 37 44 46 57 64 
04 07 18 24 25 50 56 59 60 63 
01 18 20 31 33 38 41 55 71 80 
10 15 17 26 29 46 53 64 67 73 
02 07 27 30 44 50 68 74 76 78 
05 09 14 23 24 38 40 51 61 77 
15 20 26 27 29 42 55 65 75 76 
01 08 32 38 40 41 46 50 65 69 
13 20 27 29 30 47 52 54 57 63 
01 02 19 24 41 42 53 61 68 79 
09 17 20 21 29 40 52 54 75 77 
03 11 15 29 35 41 46 69 72 79 
05 09 10 21 30 48 49 58 62 65 
04 05 33 34 36 39 54 56 66 79 
02 12 14 17 35 42 49 62 72 76 
04 08 17 43 44 47 50 63 65 77 
03 06 07 26 32 33 37 39 63 74 
02 18 20 33 40 54 56 58 68 70 
01 05 10 15 43 45 55 58 71 78 
08 09 17 24 37 56 62 63 66 72 
01 02 04 16 35 43 46 53 62 69 
03 29 31 42 47 52 55 61 68 71 
02 14 29 34 36 64 65 67 74 75 
14 18 20 21 33 35 52 65 72 77 
01 17 19 21 23 27 38 40 48 61 
03 12 30 32 41 54 60 67 74 76 
05 14 23 32 35 42 43 60 64 69 
03 26 29 36 44 51 52 59 73 76 
13 17 19 21 23 27 32 45 57 78 
03 12 14 36 37 52 53 59 64 80 
02 06 14 15 23 29 48 53 71 79 
07 12 16 21 22 25 26 36 46 61 
01 18 26 42 48 54 55 58 64 80 
04 21 23 24 39 41 48 58 61 70 
04 07 15 16 18 25 37 42 52 73 
10 20 23 24 34 44 50 54 62 64 
03 06 14 22 39 49 53 63 64 66 
06 17 18 45 47 60 61 64 70 78 
01 03 16 18 32 34 39 52 67 79 
10 13 21 32 38 40 41 75 77 78 
01 08 09 11 19 37 48 54 57 62 
03 09 22 36 41 44 50 55 67 77 
08 16 21 26 33 49 52 53 61 74 
09 15 27 30 31 37 45 57 78 79 
02 11 16 18 33 47 55 66 69 77 
04 19 25 28 45 48 57 67 69 77 
11 22 29 33 47 63 65 75 78 79 
10 20 21 27 49 53 66 69 74 76 
07 12 30 31 41 60 61 74 75 79 
11 32 34 37 40 45 49 65 67 72 
01 13 16 19 29 30 40 49 79 80 
12 18 23 28 29 42 56 62 70 74 
04 08 19 28 33 34 50 65 68 69 
09 20 23 38 44 49 54 59 60 76 
05 16 26 31 32 40 45 53 62 73 
01 22 26 39 41 48 58 62 69 73 
01 02 17 19 27 30 38 52 61 64 
04 11 13 26 28 35 39 51 75 78 
03 05 12 15 44 47 54 69 70 74 
03 04 07 11 13 33 34 49 57 77 
20 31 35 43 46 52 66 73 76 78 
02 05 07 12 15 25 39 42 69 77 
11 17 21 22 33 38 57 58 74 78 
07 26 27 28 29 30 37 43 46 68 
01 08 15 20 27 35 52 63 66 71 
08 21 22 30 34 56 59 60 69 74 
04 05 22 27 33 40 41 42 50 55 
02 06 10 24 29 35 39 47 48 68 
02 08 12 19 24 37 49 69 72 80 
08 10 16 26 47 48 55 58 65 71 
01 36 37 39 40 46 49 53 58 79 
08 17 30 35 42 43 57 62 67 79 
12 31 36 41 44 63 69 73 75 77 
27 34 40 46 50 52 53 61 65 72 
06 17 20 26 38 41 55 60 67 80 
09 12 16 22 33 40 43 52 58 80 
03 09 14 32 36 40 47 59 62 76 
02 07 11 14 34 49 50 56 58 79 
01 08 17 39 43 46 52 56 58 79 
14 21 26 30 33 38 46 55 69 76 
01 25 33 39 42 44 50 59 67 78 
03 12 15 24 28 41 52 71 76 79 
19 21 23 30 31 44 47 54 67 72 
01 11 12 19 29 32 51 59 64 71 
06 07 22 26 34 42 47 54 68 76 
10 13 23 28 40 46 51 62 70 72 
13 15 30 41 47 48 49 52 74 79 
13 15 23 27 31 34 36 38 53 79 
02 11 17 19 22 37 44 58 72 76 
12 14 16 18 30 34 36 47 74 79 
45 48 52 56 58 61 64 70 71 75 
03 07 08 44 49 62 63 64 72 73 
07 21 40 42 51 52 54 63 74 76 
04 05 12 15 30 36 44 45 48 72 
08 17 26 27 38 52 64 65 68 72 
03 04 06 44 45 46 47 51 56 66 
08 10 14 17 20 48 57 58 62 72 
02 18 25 30 46 47 56 62 68 69 
05 09 15 22 40 41 42 58 73 80 
01 10 14 19 20 22 50 53 75 79 
02 03 17 25 34 40 56 60 70 73 
13 15 18 24 27 35 46 51 58 75 
05 31 36 42 44 62 63 66 75 80 
10 13 16 33 35 40 50 58 60 74 
07 17 18 27 42 48 52 54 58 75 
11 26 28 32 43 44 47 60 68 77 
09 15 16 20 22 46 52 66 67 74 
01 02 03 23 27 40 44 55 63 78 
05 12 31 35 36 52 53 59 62 73 
11 20 25 31 40 54 57 71 74 79 
16 20 33 52 53 55 68 72 75 79 
24 27 28 31 39 52 54 56 65 72 
01 14 17 32 43 49 52 65 68 80 
07 12 28 41 44 55 62 66 72 76 
05 09 11 23 24 45 47 49 52 71 
02 11 17 18 20 29 46 49 62 66 
01 15 21 28 30 35 45 49 55 80 
18 22 25 38 39 47 52 58 65 70 
03 05 23 27 33 53 55 71 73 75 
16 20 24 25 58 59 60 65 67 76 
06 11 13 33 34 40 50 68 72 80 
06 14 18 30 32 34 35 51 53 56 
01 21 25 36 39 41 50 56 59 69 
02 07 20 38 43 55 57 74 78 79 
04 35 40 42 44 45 52 53 54 77 
02 14 20 23 32 54 57 60 71 72 
16 19 21 28 29 35 42 44 52 70 
07 12 18 31 34 46 56 57 60 61 
17 23 36 37 49 51 52 68 69 70 
02 11 14 25 46 57 63 68 71 73 
06 17 22 31 47 54 67 68 72 75 
10 22 27 44 46 49 53 62 74 80 
17 21 25 29 39 45 47 52 59 78 
05 07 12 22 25 30 57 64 65 73 
16 18 21 27 29 40 50 53 56 70 
07 10 15 18 24 26 35 42 62 68 
09 11 17 31 39 42 55 67 69 71 
01 07 17 20 22 37 41 68 70 73 
19 24 36 45 54 55 63 64 72 73 
17 22 28 31 35 46 47 49 59 62 
18 25 34 37 52 61 64 70 75 78 
13 15 22 24 30 34 40 59 66 70 
05 07 17 25 27 33 52 56 64 71 
01 02 09 11 13 20 26 36 51 57 
01 06 19 31 32 35 37 48 75 80 
13 15 32 38 39 41 42 52 58 66 
26 43 45 46 49 54 57 63 70 80 
04 08 21 23 27 29 35 53 56 79 
03 06 11 17 19 24 25 26 31 38 
02 06 10 18 33 49 51 64 66 67 
07 14 30 38 43 52 53 62 78 79 
04 13 29 31 39 47 55 59 72 73 
20 32 42 43 57 68 70 76 79 80 
05 26 27 29 35 52 62 71 74 78 
03 06 13 14 15 37 65 67 68 77 
07 08 26 40 43 57 69 72 74 77 
17 26 38 48 56 63 65 68 79 80 
07 13 14 15 23 30 31 49 71 73 
18 26 30 32 39 53 59 64 67 74 
08 18 34 35 36 58 68 70 71 74 
15 25 26 31 34 47 57 73 75 78 
09 10 35 42 46 50 54 55 64 69 
03 13 15 33 38 48 51 58 75 77 
12 16 24 27 32 37 59 60 74 76 
01 19 20 30 36 51 54 72 74 78 
01 14 18 27 32 38 48 56 57 73 
15 20 30 36 41 46 49 50 52 67 
04 23 26 38 42 43 48 57 66 76 
11 14 18 23 28 32 49 51 64 77 
21 25 48 50 55 58 63 65 73 76 
01 03 13 26 36 43 61 66 68 79 
02 03 07 47 59 60 65 66 67 74 
06 13 28 36 38 41 46 48 56 74 
03 05 20 21 29 30 42 45 53 55 
04 06 08 41 47 49 52 64 74 76 
38 40 46 54 55 56 57 62 68 78 
07 08 16 25 29 34 40 41 52 55 
11 12 14 24 54 62 64 66 70 73 
06 17 30 31 36 43 50 51 57 75 
01 06 08 11 29 34 35 57 60 80 
25 28 31 37 38 47 54 73 77 79 
03 17 24 29 35 53 61 63 67 76 
02 05 15 18 28 38 45 52 71 75 
04 22 31 32 41 42 57 59 62 66 
13 44 50 51 64 65 69 75 77 79 
01 08 18 25 26 42 43 45 70 80 
22 25 37 40 49 55 58 60 78 79 
09 11 14 27 46 53 62 64 67 72 
13 18 34 36 39 50 61 73 76 79 
14 27 29 42 49 51 54 63 64 73 
02 19 22 24 36 48 56 59 65 68 
05 21 22 27 42 45 46 47 59 80 
11 12 16 18 20 23 24 28 45 71 
19 32 33 36 42 51 53 61 67 79 
06 08 12 14 16 28 47 59 60 75 
07 09 30 31 40 41 44 54 77 78 
14 16 17 27 34 46 53 64 66 73 
10 20 27 29 42 57 62 69 72 78 
08 11 26 33 46 50 51 53 60 70 
09 12 31 47 50 54 62 73 79 80 
03 09 28 29 31 32 34 48 60 65 
08 15 18 24 31 51 54 56 61 76 
02 03 06 11 16 44 60 61 72 80 
01 04 10 11 21 31 41 55 59 72 
03 16 18 33 48 50 52 62 66 70 
13 17 26 28 35 40 50 51 71 73 
03 11 12 14 48 49 63 67 68 69 
19 25 26 27 29 32 41 46 71 76 
15 17 21 42 48 49 52 60 66 69 
05 06 23 24 25 55 61 68 71 73 
30 34 35 36 43 49 59 66 76 79 
13 15 26 31 49 50 56 60 71 73 
03 06 08 11 13 30 43 45 51 78 
05 09 44 45 48 52 57 61 62 72 
04 08 24 33 34 56 73 74 77 78 
14 15 33 40 42 44 60 61 63 71 
05 09 23 29 34 49 54 55 72 78 
04 08 10 20 25 41 47 48 53 73 
29 31 38 40 46 48 56 57 65 70 
04 18 28 34 52 58 73 74 78 80 
10 12 14 17 27 35 42 57 58 60 
03 19 33 49 53 68 70 72 78 80 
09 14 21 25 37 58 59 61 69 75 
01 07 08 20 33 40 47 62 65 70 
01 04 15 19 27 30 46 49 59 75 
05 22 29 31 34 39 48 53 69 76 
01 02 10 15 20 24 25 55 59 74 
04 09 26 32 34 46 50 54 56 72 
13 21 33 35 37 38 47 52 53 58 
05 10 20 28 43 45 57 66 74 75 
01 11 13 28 45 50 55 65 70 74 
25 30 37 46 48 56 61 63 73 79 
05 10 12 20 26 33 37 55 77 79 
02 12 14 21 40 41 66 67 72 75 
16 26 28 41 51 53 65 74 76 80 
26 36 40 46 54 56 66 67 68 70 
03 11 16 33 42 46 48 65 66 77 
02 07 28 30 40 43 45 57 64 77 
15 22 24 29 33 37 50 65 68 70 
10 14 34 35 39 59 60 62 70 73 
08 12 28 29 32 42 45 46 61 71 
23 25 35 48 56 63 67 73 75 77 
16 27 34 38 46 51 60 62 69 74 
09 11 12 28 29 32 45 53 55 65 
01 13 14 18 19 42 58 65 67 72 
05 12 14 24 27 30 32 35 51 75 
01 04 06 33 34 37 41 56 58 71 
09 20 28 29 30 31 53 60 62 74 
11 18 39 50 64 66 68 70 72 75 
15 25 30 31 40 46 47 60 69 80 
17 26 32 33 42 48 58 61 69 73 
06 13 33 35 38 41 45 47 72 76 
02 16 18 28 32 39 52 58 65 78 
04 11 26 29 34 36 37 53 63 75 
01 03 06 14 23 38 40 57 70 74 
03 39 42 47 48 50 52 54 55 77 
03 23 26 31 38 40 48 59 60 75 
01 07 11 24 29 30 44 48 62 80 
14 15 16 22 26 31 48 49 55 58 
05 11 15 18 21 57 66 74 75 77 
18 24 28 35 36 53 58 65 67 76 
12 13 24 39 49 64 70 73 74 80 
17 26 27 38 41 48 72 76 78 80 
04 08 11 18 22 37 43 45 55 57 
06 12 36 48 50 53 56 66 75 76 
08 23 26 28 29 44 55 62 65 73 
12 17 19 20 31 34 60 74 76 79 
05 16 24 36 37 45 47 50 56 74 
01 03 09 17 24 31 45 46 49 59 
08 25 40 44 50 53 59 65 74 77 
05 12 42 46 47 54 63 69 76 79 
09 15 18 21 33 36 39 50 57 62 
02 15 24 27 42 47 53 68 69 73 
02 12 20 27 30 44 46 49 55 79 
04 07 19 22 38 42 52 54 74 78 
01 02 08 11 23 30 49 50 53 75 
09 12 31 40 42 47 65 67 77 79 
05 10 27 29 35 48 54 60 71 73 
19 21 22 28 34 51 55 61 64 65 
06 12 15 29 30 44 48 49 58 70 
02 07 15 17 23 36 52 60 66 73 
22 28 32 46 51 55 57 61 74 77 
01 04 09 14 18 73 76 78 79 80 
23 28 47 53 55 56 68 71 74 78 
05 13 14 25 32 38 39 63 66 67 
04 10 11 26 32 42 51 57 72 73 
03 20 21 38 40 54 55 64 74 76 
01 03 09 17 22 39 49 59 70 71 
09 14 18 20 21 32 42 57 67 80 
12 19 48 50 52 55 57 63 74 80 
10 12 16 26 29 31 33 40 54 79 
09 20 34 43 46 47 56 57 75 80 
01 14 28 35 60 64 65 68 73 76 
12 15 16 30 32 39 58 61 70 80 
10 12 13 24 31 38 44 45 52 67 
01 16 25 26 48 56 59 71 73 75 
02 09 12 14 16 17 18 27 53 80 
04 08 20 23 39 49 57 60 75 77 
01 03 21 25 27 37 42 47 56 58 
04 22 27 37 51 53 67 68 72 80 
13 20 25 36 40 45 46 47 61 71 
02 10 14 36 39 51 59 74 78 79 
07 24 31 33 36 48 59 60 63 67 
05 14 21 23 29 40 42 52 56 64 
01 21 36 46 47 50 59 68 71 74 
08 10 11 12 37 38 46 53 57 60 
02 05 15 33 42 44 49 50 65 78 
04 23 30 32 36 37 42 61 67 69 
06 12 14 16 28 33 42 49 53 59 
08 11 13 35 40 43 72 75 79 80 
01 11 19 20 22 45 56 59 72 78 
08 13 33 41 48 58 65 67 70 77 
07 16 19 20 24 34 45 47 73 80 
02 22 32 38 40 46 51 56 62 77 
01 03 09 12 17 22 39 42 45 69 
01 07 20 26 38 51 57 68 71 72 
08 09 11 16 29 36 56 62 69 74 
07 18 21 40 44 53 68 70 75 79 
04 09 15 25 30 32 41 50 69 71 
01 02 28 36 42 58 61 62 73 79 
05 14 15 33 34 41 50 53 55 57 
06 12 18 20 27 47 64 66 75 77 
14 29 36 39 42 43 53 58 59 76 
06 18 45 49 57 58 67 70 71 77 
06 26 40 42 48 50 53 55 64 69 
17 38 41 46 53 69 71 73 76 78 
09 14 17 23 32 33 40 42 59 70 
08 24 29 40 46 55 61 71 74 79 
14 16 21 27 29 48 50 64 70 78 
11 22 28 36 39 42 44 53 67 71 
02 18 29 35 43 51 59 62 73 77 
02 07 09 12 36 57 63 71 79 80 
05 19 22 38 51 54 58 70 72 75 
01 04 23 28 31 36 45 50 58 64 
05 14 18 26 33 37 38 46 62 63 
25 40 43 49 50 54 65 69 72 73 
11 13 22 28 35 38 46 54 61 68 
02 05 19 20 21 45 48 52 70 74 
03 06 16 23 41 55 62 65 68 72 
01 02 05 21 24 27 32 52 58 70 
01 13 15 16 17 28 35 38 53 71 
21 43 44 52 53 56 58 59 63 74 
02 10 12 34 35 42 46 64 70 79 
04 06 08 20 24 29 49 60 67 70 
07 28 33 37 43 50 53 58 69 73 
08 10 27 35 51 56 60 62 74 76 
02 20 35 36 38 39 41 63 69 76 
08 12 22 24 28 43 44 53 60 69 
29 30 38 54 55 56 63 66 71 75 
08 18 19 23 28 40 51 60 69 72 
02 26 43 44 52 61 67 69 72 74 
09 13 34 36 55 57 64 67 77 80 
02 06 22 30 45 48 53 58 69 70 
12 13 28 32 42 56 67 72 73 79 
05 06 11 14 37 39 47 58 61 63 
01 03 08 12 17 24 34 39 64 73 
01 20 31 41 45 46 47 50 54 74 
05 09 17 20 26 34 49 53 64 76 
16 17 19 24 33 35 50 56 60 75 
27 36 39 50 58 69 75 76 77 80 
07 09 16 33 45 54 61 63 68 71 
02 11 33 46 52 60 61 76 79 80 
08 12 20 26 30 39 46 51 57 58 
17 25 28 47 66 67 70 77 79 80 
07 16 24 36 40 41 49 50 60 69 
03 13 46 52 55 59 68 76 77 78 
06 18 22 40 43 47 62 67 70 71 
05 08 21 35 41 42 45 48 58 75 
01 11 16 36 43 54 58 61 71 74 
09 17 24 29 31 64 67 71 72 77 
04 14 22 28 37 46 60 63 66 76 
04 15 24 26 27 31 35 46 62 70 
02 10 12 32 50 58 66 71 72 78 
10 11 17 22 27 42 46 50 57 70 
09 21 27 36 44 50 51 75 79 80 
15 18 30 32 34 40 46 54 73 77 
07 18 20 38 51 56 60 61 67 80 
06 11 19 24 25 44 46 70 72 76 
04 05 33 48 49 56 59 68 74 80 
08 22 28 30 58 61 62 64 67 76 
02 06 25 26 35 37 44 52 60 65 
39 42 43 50 54 63 66 67 74 75 
10 14 25 32 38 47 51 71 73 77 
06 19 33 36 48 63 64 67 71 80 
12 41 45 48 49 52 56 61 68 78 
02 13 17 22 23 30 38 57 67 76 
03 06 15 18 27 36 37 40 49 70 
10 22 25 29 57 58 66 67 73 75 
02 06 12 13 20 39 46 53 71 79 
17 24 26 27 42 43 51 52 54 77 
02 11 13 14 31 37 42 58 60 62 
05 07 09 10 25 27 45 64 66 72 
16 18 37 38 39 41 54 58 63 68 
09 10 11 16 21 23 29 32 35 52 
01 06 13 19 26 28 34 50 53 58 
08 18 24 29 42 61 62 75 78 80 
01 05 12 27 32 38 41 66 76 79 
06 09 10 14 15 37 60 68 74 77 
06 28 43 51 52 56 61 64 66 79 
04 11 20 22 32 33 49 62 63 68 
03 10 23 25 32 34 42 56 71 74 
13 22 36 43 45 53 58 68 69 76 
02 22 27 39 40 52 55 57 60 74 
08 09 16 23 30 51 54 56 66 76 
05 20 38 55 57 60 63 65 77 79 
06 09 24 25 48 51 65 71 74 75 
11 13 25 35 39 42 48 59 63 76 
03 08 22 27 50 52 58 60 66 77 
09 21 24 38 40 47 53 57 59 75 
05 15 17 28 35 41 43 48 60 62 
01 06 07 12 22 42 46 60 75 77 
01 02 03 17 24 29 38 44 57 75 
02 15 16 27 30 40 48 54 64 67 
04 11 14 21 31 43 62 65 67 68 
19 22 23 27 54 57 61 75 76 79 
01 04 11 17 21 33 35 36 43 78 
05 06 11 13 27 28 32 44 47 66 
01 03 07 18 30 31 36 61 66 73 
06 17 29 34 38 42 56 71 74 78 
02 12 28 32 42 44 50 54 61 65 
05 08 14 23 32 43 46 55 60 66 
07 17 19 22 23 25 29 31 68 73 
19 35 42 43 49 50 52 56 70 78 
01 16 28 30 40 59 64 65 68 75 
04 08 11 16 18 21 25 31 72 74 
01 05 10 12 32 38 49 50 64 75 
14 17 28 48 61 67 72 73 74 78 
03 20 21 22 25 31 42 49 54 64 
04 08 13 32 37 45 47 57 63 71 
03 07 12 16 41 42 48 51 74 75 
01 08 17 27 35 36 47 61 74 76 
23 30 32 40 53 54 59 66 75 78 
05 22 31 42 46 47 49 50 56 62 
02 05 06 15 31 32 40 45 57 80 
11 18 38 39 51 66 68 71 76 79 
09 11 12 26 28 39 44 50 60 66 
01 18 21 30 51 53 57 64 71 79 
12 24 32 34 44 49 53 66 75 80 
01 04 07 22 33 44 50 65 66 72 
23 25 34 35 45 48 49 53 67 74 
12 13 16 50 52 53 55 68 71 80 
01 12 16 21 28 34 44 46 72 77 
05 15 21 26 29 39 63 68 71 76 
07 09 13 31 32 36 50 54 58 77 
01 21 38 52 59 63 66 71 76 79 
03 12 17 28 37 39 46 47 61 77 
09 16 23 33 37 53 58 60 64 75 
03 10 17 34 39 44 53 64 76 77 
06 12 13 26 28 47 54 68 72 78 
11 21 31 35 56 59 68 72 78 80 
13 18 26 27 40 43 45 51 65 67 
03 07 10 21 31 67 68 73 76 80 
09 11 15 17 25 38 44 54 57 72 
05 14 21 31 37 40 46 53 60 65 
06 20 22 23 35 62 68 70 71 73 
12 22 28 36 44 49 59 63 69 78 
02 05 31 32 35 45 54 57 59 60 
01 04 06 10 12 19 38 41 64 77 
18 20 33 45 46 47 51 60 62 69 
15 22 26 31 32 45 61 68 70 75 
01 02 11 18 27 37 42 58 71 76 
19 32 38 55 63 65 69 71 76 77 
04 11 19 23 29 46 49 52 57 80 
06 25 28 37 40 49 50 51 60 79 
06 17 23 27 31 44 46 55 67 73 
01 04 10 13 16 26 44 61 68 80 
04 05 06 07 34 42 48 67 77 80 
01 02 10 14 25 32 44 54 67 72 
05 16 36 47 52 53 64 70 79 80 
19 23 24 27 38 43 54 67 74 77 
08 09 11 34 42 56 61 62 68 78 
06 08 25 26 29 35 46 50 75 79 
22 27 30 34 36 51 55 68 69 78 
07 08 15 17 33 47 64 66 70 74 
02 08 19 43 52 53 59 63 65 69 
06 14 21 24 31 33 36 46 58 75 
01 05 12 25 43 50 51 55 62 75 
01 57 59 61 65 66 69 71 74 77 
11 20 22 41 49 54 60 62 66 78 
05 06 14 18 36 38 45 55 68 69 
07 08 15 23 25 43 47 66 68 76 
03 19 23 25 27 29 38 56 58 73 
15 17 26 35 48 51 53 62 66 70 
01 05 30 33 60 61 65 72 75 77 
09 11 15 32 37 55 61 68 74 75 
01 04 24 31 35 50 51 52 79 80 
03 08 15 26 33 44 49 53 70 71 
13 14 17 22 24 25 55 63 67 75 
08 11 18 19 27 33 39 40 43 52 
03 20 21 23 41 44 46 57 58 66 
05 27 31 38 49 60 65 70 71 74 
02 03 12 26 31 39 44 52 57 58 
04 18 28 29 33 36 41 59 75 79 
27 42 46 52 54 55 67 72 73 80 
07 10 12 26 30 56 58 60 76 79 
26 29 32 51 57 64 69 72 74 75 
02 04 33 41 44 54 66 70 77 80 
03 06 07 17 25 33 35 51 60 76 
03 08 09 21 26 30 37 52 74 79 
02 03 06 07 11 21 24 33 58 61 
14 20 23 26 32 37 49 50 62 73 
09 22 23 34 48 50 52 56 71 80 
07 22 32 58 59 60 61 69 73 79 
11 19 24 25 26 31 34 47 72 80 
05 10 13 20 27 41 51 66 68 76 
03 16 31 35 45 46 47 54 69 78 
#
Total gerado: 1000
